KCity : {
 lat : 37.239231667,
 lon : 126.773156667,
 alt : 15.4
 }

Songdo : {
 lat : 37.3843177,
 lon : 126.6553022,
 alt : 15.4
 }

Songdo_track : {
 lat : 37.383784,
 lon : 126.654310,
 alt : 15.4
 }

Siheung : {
  lat : 37.36458356,
  lon : 126.7237789,
  alt : 15.4
}

